0 1 2 3 4 5 6 7
8 9 10 11 12 13 14 15 16 17 18 19 20 21 22
23 24 25 26 27 28 29 30 5 31 32 33 34 35 36
37 38 39 40 41 42 43 44 45 46 47 0 48
49 50 51 15 9
52 53 54 55 56 57 58 59 60 61 62 63 64 65 66 67 68 69 70 71 72 73 74 75 76 77 78 79
80 81 82 83 84 85
86 87 88 89 18 90 91
52 92 93 94 95 96 97 98 99 100 101 102 103 19 104 105
23 106 107 108 109 110 111 112 113 114 115 116 117 118 119 120 121 122 123 124 125 126 127 128 129 130 131 132 46 133 134 135
107 136 137 138 139 140 141 142 143 144 145 146 147 148 149 6 150 151 152 153 123 154 155 156 105 157 0 158 159 160 36 161 162
163 164 165 166 167 168 35 169 170
171 172 9 173 174 175 176 73 177 178 179 35
180 181 182 183 184
185 186 187 188 189
190 191 192 9 193 194 195 196 197 198 125 199 200 35 201 202 203 178 204 205 206 207
208 209 210 211 212 213 214 215 216 217 125 218 219 200 220 221 222 223 0 224 225 226 227 228 229 230 179 231
186 24 232 233 234 235 236 201 204 237 238 239
240 107 241 242 146 43 243 244 245 6 246 247 123 248 249 90 250 207
52 251 252 253 254 255 256 257 258 259 260 261 262 263 264 265 266 267 268 269 249 270 0 201 271 272 273 204 274 275 179 276
277 278 279 280 281 282 283 70 284 129
285 286 287 83 288 289 290 174 291 292 293 294 295 296 297 298 299 300 301 204 302 303 35 304
305 306 307 60 308 309 310 311 312 313 314
171 315 316 249 129 317
318 319 320 321 322 9 323 324 325 40 326 327 328 12 329 330 331 332 333 334 335 336 68 337 69 338 339 340 341 342 0 343 204 344 345 75 346
287 347 348 349 350 351 352 353 354 239 12 246 355 356 357 358 359 360 0 105 361 362 74 162
363 364 365 366 367 368 369 370 371 372 373 374 375 376 28 121 377 378 379 380 381 382 383 384 385 386
73 387 347 388 68 389 390 391 392
52 393 394 119 395 396 176 397 398
287 55 399 400 401 368 402 403 404 405 406 407 45 408 409 298 410 411 412
413 414 212 415 19 45 416 417 298 230 179 412
418 419 55 420 421 422 194 188 211 423 64 424 425 426 427 428 429 430 431 400 432 433 434 435 436 437 438 439 440 373 355 441 442 443 444 445 446 200 447 448 449 450 274 451 452 453 186 454 455 456 457 9 371 458 459 460 226 461 462 35 463 464 465 364 466 467 468 469 470 471 472 473 474 475 90 476 477
478 23 479 24 480 83 481 482 434 483 9 484 485 486 118 487 488 211 489 490 491 492 493 494 495 131 339 496 203 497 227 498 449 499 205 500 501
171 502 503 481 482 504 505 506 507 508 509 510 511 211 512 246 45 513 514 515 339 516 517 518 226 227 519 520 239
306 521 506 522 369 308 523 524 165 43 525 526 527 211 123 5 528 377 178 529 35 530
531 532 533 534 535 536 9 368 537 39 538 539 540 541 542 543 544 545 125 546 547 548 549
550 107 55 535 551 552 420 553 554 194 555 556 50 27 211 557 14 558 196 559 560 561 562 563 515 564 565 566 74 500 567 568 569 162 570 571 316 572 573 574 575 576 368 94 577 578 579 580 581 582 583 584 489 585 586 587 588 589 4 590 591 444 592 593 129 236 594 339 0 595 596 597 598 599 207 600 601 602 603 604 605 606 306 607 482 608 9 609 610 611 612 95 371 613 614 615 616 617 618 619 176 620 410 621 622 623 624 625 626 627 628 629 630 631 632 139 508 140 143 402 327 633 394 389 13 634 635 636 637 338 407 638 639 640 90 641 642 643 644 476 645 646 647
648 52 649 107 348 650 651 420 652 43 653 654 14 6 655 335 656 657 658 45 659 339 660 661 662 663 664 385
665 481 506 40 116 50 666 667 668 669 494 670 671 672 105 673 674 675 676 400 567 677 171 678 679 680 43 681 489 682 683 684 685 357 686 687 688 227 314 689 690 207 691 52 482 692 9 693 45 694 695 696 697 35 698 699 108 700 701 702 703 704 705 706 657 125 707 708 709 710 90 643 711 712
53 108 713 482 9 211 714 715 123 339 716 204 179
550 717 122 595 181 9
550 718 719 720 242 420 721 722 723 724 30 5 407 725 726 727 728 729 643 730 0 105 410 731 227 732 35 733
734 735 736 737 350 738 739 740 253 741 742 743 373 744 6 745 746 747 748 68 749 250 750 751 223 0 752 753 754 755 756
757 713 758 759 760 744 761 762 763 764 765 766 767 768 179
550 23 24 769 770 771 772 773 262 6 68 69 125 774 775 776 777 226 230 778
779 780 481 9 781 782 783 784 785 786 64 787 788 789 790 5 791 125 792 0 793 794 795 796
240 797 798 799 412 55 739 534 420 800 95 801 802 582 803 804 121 207 405 805 729 806 73 339 0 226 807 499 74 808 809 810
570 811 211 812 501
813 814 71 709 9 815
52 816 817 818 819 820 821 822 823 824 825 826 211 6 827 828 763 829 830 45 831 832 833 834 339 227 835 836
55 837 194 838 839 840 841 204 206 842 843 171 844 845 846 847 848 822 849 850 851 373 852 853 854 339 0 178 52 855 856 857 858 246 859 828 860 861 862 863 501 864 865 140 866 867 125 868 869 870 871 643 872 384
305 349 55 873 837 874 875 876 373 877 878 879 880
347 881 108 882 481 883 321 535 210 884 885 886 887 888 6 889 444 890 515 891 892 893 476 894 755
52 895 107 896 897 350 739 898 899 40 900 557 6 247 901 902 903 904 905 906 129 0 281 410 907
52 287 908 909 910 911 373 912 211 913 64 914 19 915 916 917 918 694 73 339 499
811 919 211 920 14 245
921 550 107 922 481 535 923 924 120 925 926 671 566 204 303 927 928 929 930 931 932 933 434 934 935 936 373 802 245 937 918 0 938 190 39 95 244 939 68 940 156 941 942 108 254 651 633 943 944 945 121 125 946 643 947 948 949 712 950
107 3 739 551 420 951 952 953 954 748 955 917 956 236 957 958 810
837 373 959 179 960 398
961 698 349 962 770 963 399 964 401 39 965 966 967 968 969 6 970 68 249 45 971 972 973 731 974 179 35
975 976 214 977 125 978 297 204 230 179
979 9 980 557 981 982 178 204 274 983
984 985 55 986 194 987 988 989 990 211 395 6 991 246 762 123 45 992 993 204 994 239
995 523 996 997 71 35 998 999
1000 52 1001 1002 1003 43 1004 482 1005 1006 1007 1008 1009
52 171 1010 9 1011 1012 12 373 13 1013 64 1014 1015 68 561 249 1016 129 91 90 73 643 1017 687 1018 274 1019 1005 179 1020
52 1021 1022 107 865 535 9 1023 722 1024 1025 1026 64 68 125 459 90 642 73 274 1027
6 1028 19 1029 96 1030 1031 9
108 182 1032 1033 64 1034 121 444 407 1035 730 410 1036
1037 55 25 1038 9 1039 1040 1041 95 43 1042 211 1043 1044 1045 45 356 1046 1047 1048 1049 1050 1051 1052 1053 1054
1055 1056 178 1057 1058 211 1059 1060 1061 1062 90 1063
52 1064 698 107 348 349 1065 1066 9 1067 95 1068 12 373 1069 1070 1071 1072 1073 1074 1075 1076 267 1077 1078 45 125 1079 1080 1081 73 1082 339 0
55 1083 420 1084 1085 373 635 64 19 1086 1087 5 125 71 377 90 0 105 201 1088 230 1089
628 1090 1091 837 1092 1093 354 95 1094 211 937 1095 1096 1097 45 155 1098 0 595 204 1099 162
52 73 1100 1088 68 1101 1102 869 1103 1104 1105 270 1106
1107 318 1108 1109 55 1110 1111 1112 9 1113 245 14 6 1114 1103 250 1115 448 1048 1116 1117 1118
107 306 1119 535 936 1120 1121 0 1122 1123
1124 348 89 535 1125 1126 9 1127 12 43 981 6 1128 1129 1130 1131 1132 1133 1134 1135 1136
52 1137 1138 0 108 1139 96 792 1140
52 649 182 721 1141 355 1142 1143 1144 833 832 834 339 835
1145 350 770 933 1146 535 1147 393 95 966 211 391 310 44 129 0 1148 1149 274 35 239
1124 643 40 201 1150 1151 1152 1153
1154 1155 26 373 211 6 68 129 91 1156 339 47 342 950
23 24 55 1157 481 1158 1159 420 1160 1161 211 64 1162 833 672 1163 1164 1165 1124 817 1166 1167 97 118 12 1168 445 339 1169 0 52 1170 1171 1172 1173 1174 1175 1176 1177 133 1178 1179 1180 835 364 369 1181 475 1182 125 832 1183 729 1184 834 73 643
1185 107 108 572 242 1186 112 308 1187 969 702 391 6 1188 246 66 1189 1190 559 1191 125 1192 377 1193 0 1194 179 303
1195 1196 1197 1198 1199 1200
1201 1202 1203 1204 394 1205 1206 204 1207 179 1208 35
1124 481 933 551 242 522 1209 1210 1211 12 1212 374 1213 211 654 6 1128 1214 762 970 1215 1216 90 236 0 227 1217 239
52 1218 24 1104 1219 1220 1221 261 539 1101 1222 6 1223 545 1224 45 500 1225 339 643 178 529 179 35
186 182 1226 968 1004 66 19 724 5 1227 45 1228 1229 643 1230 671 201 1231
1232 1233 403 1234 1235 212 1236 245
369 767 1237 527 211 179 230 6
171 1238 734 108 1239 1240 1241 1242 9 885 484 40 1243 43 1244 6 1245 174 1246 123 68 45 1247 1248 792 73 0 1249 1250 1251 400 35 1252 36
1253 171 1254 306 9 1255 73 1256
921 724 506 116 19 125 112
1257 1258 24 1259 500 131
1260 107 1261 24 55 1262 25 481 535 1263 1264 99 557 15 1265 668 1266 1267 1268 1269 1270 1271 1272 1273 1274 1275 1276 1277 1278 672 297 1279 1280 1281 1282 1283 1089 1284 1285 1286 934 1287 370 1288 1289 12 1290 877 1291 1292 1293 131 1294 1295 0 1296 1297 1298 1299 1300 179 207 1301 186 1302 1303 39 371 966 1304 6 68 249 1305 1306 176 1307 1308 300 35 231 1309 1310 1239 350 1311 1312 800 112 1313 910 1314 1315 1316 1317 66 543 1318 123 44 125 1319 1320 871 1321 1322 1323 90 1324 1325 642 1326 1327 1328 1329 1330 1331 1332 1333
1334 382 1335 45 207 707
1336 1337 310 559 545 125 90 206
1338 1339 1340 889 18 1341 1342 1343 1344 5 444 1345 528 377 201 0 1346 1347
52 698 55 962 873 481 1348 40 486 308 876 1349 43 1350 668 559 1351 1272 125 1352 1353 1354 1355 1016 1356 1184 236 1357 201 0 1358 1359 1360
1361 1362 55 1363 420 1364 721 1365 194 1366 27 1367 1368 7 64 1369 1370 1371 1372 1373 1089 305 770 1374 1375 1376 370 1377 373 1378 1379 1380 339 1295 0 449 1381 1382 52 186 1383 720 1384 1385 482 1386 1387 1388 857 614 244 6 1341 68 1389 1235 45 661 1390 1391 1392 1393 1140 649 1240 3 1394 182 1395 1396 1397 1398 1349 1399 637 123 1400 5 1401 870 871 1402 73 643 1403 476 711
607 1404 111 255 1405 1406 1407 1408 1409 1410 1411 1412 68 1413 45 1414 1415 1416 129 1115 339 342 1417 671 226 1418 1419 1194 1420
178 35 9 1421 140
1422 627 1423 186 1424 1425 770 1426 651 1427 373 681 211 1071 1428 1429 1430 338 1431 1432 448 777 643 1433 342 226 35 1434 398
52 171 1435 3 1436 1437 1438 9 1439 43 744 120 1440 1441 1442 68 1443 249 1444 1445 1446 73 1447 671 1448 239
24 1449 1283 209 1450 1451 1452 1257 308 1453 1454 826 1455 1456 20 175 1457 1458 444 125 45 1459 1460 0 342 476 711 1461 206 1462
108 1463 962 350 481 1464 1313 1465 12 538 1466 174 1467 1468 1469 955 1470 1471 185 670 178 1148 274 35 1472 1473
1109 1474 108 348 55 837 327 966 472 373 1475 245 1476 1477 5 45 1478 73 1295 0 1479 178 35
1028 535 9 308 539 540 702 14 544 45 1480 176 1481 0 731 1331 303 207
1482 739 933 112 1483 1484 211 1244 1485 1486 105 1487 755 239
107 1488 1489 580 96 144 1490 802 1491 1492 124 1493 1494 377 46 339 643 565 529 1495 179 35 1496 1473
73 1497 1278 182 1498 1499 179 519 1500 1501
1502 1503 245 6 1504 1133 45 684 1505 1506 1507
1238 1508 55 1509 350 1510 1511 1512 1513 1514 40 887 1515 1516 1517 6 1518 1519 1520 1521 1522 1189 1523 1411 249 1081 339 1524 390 1525 35
1526 83 1240 522 741 94 324 1527 308 211 1528 745 543 66 1529 1530 45 236 1531 0 1296 1532 298 449 731 711 179 1533 1534
285 1064 962 83 481 1535 1536 1537 1538 95 1539 12 702 211 1213 1540 1541 1542 1543 234 66 45 249 1544 674 1297
670 1545 227 400 1546 176
1547 1548 1549 9 1263 1550 1551 1552 472 1553 1554 64 1555 1556 1557 1558 1354 90 378 1447 1559 1057 431 1560 1561 1562 1280 179 1563
1564 1565 5 1566 211 729 1567 420 1568
418 348 770 182 823 815 193 980 1569 1210 1570 744 1571 1572 45 727 661 178 300 1573 179 35 1574
178 1575 529 3 227 1103 250 1576
107 348 1577 1578 572 1579 1580 1581 609 1582 437 370 95 1583 1584 12 373 43 99 18 64 1585 174 68 1586 73 1587 0 339 1588 178 1589 1590 1591 35 1574
52 550 1592 1593 1594 365 759 9 1595 1596 1597 1598 101 1282 64 1599 1558 425 68 1600 445 916 90 1601 448 133 176 643 339 1602 204 1603 1283 1165
1604 1605 24 55 1606 1607 1608 837 1609 1610 1611 1612 1613 420 1614 261 1615 1616 1617 1618 1619 7 1620 64 1621 196 1622 1623 562 1478 1624 1625 1626 408 1627 1628 1629 1630 1631 1602 1632 1633 1634 1282 400 1165 1635 1636 759 483 1637 1638 1583 851 681 1639 541 1640 1641 448 594 1642 1643 1644 0 1645 1646 1647 1648 1649 1650 1651 1652 412 1653 186 1654 1655 1656 1657 771 482 1658 9 1659 1660 1661 1662 1663 1664 95 6 1665 1666 246 1555 174 1667 1668 1669 1670 1671 1672 1673 1674 1675 1676 1677 410 622 623 1678 1679 1680 240 797 1681 1682 1683 1110 1684 534 1685 1686 1687 1688 1689 1464 1690 472 1691 1692 1693 1694 212 1695 635 1696 1697 121 1698 123 291 1352 1699 1700 642 73 1701 1702 1703 1704 1705 1706 1707 1708 1709 1710 1711 1712 1713 1714 1715 1716 1717 1718
580 96 1719 12 204 1495 35 238
23 1028 24 837 1720 118 373 6 125 226 227 1058 1721 567
52 348 1722 401 40 1723 866 19 1724 68 1725 1726 339 1727 1728 201 1296 297 1358 529 499 179 35 1729
52 1730 1731 1732 107 1733 434 1488 815 421 1734 1735 41 373 64 1132 68 1736 46 73 339 1737
1738 1739 350 83 1740 204 744 1741 1742 239
350 1743 771 535 95 727 1744 918 1165 179 1745 1746 239
1747 1656 1748 1749 1750 9 1751 1752 1753 1754 1023 1664 1755 1756 1757 1758 64 1555 1759 1760 1761 1762 1763 727 1764 1323 642 1765 1727 1766 1390 1282 1118 1767
234 985 107 349 1768 123 966 125 1769 1770 1771
1254 1772 9 1773 1774 1290 1775 125 1776 1777 73 1778 1779 179
1780 410 1158 182 1781 218 1070 981 1095
1782 55 837 1783 194 1784 211 64 1785 1786 1410 1787 1788 427 1789 1602 1790 1165 1474 1791 1792 578 1793 1025 681 1476 1794 889 101 19 1492 444 658 200 1795 339 0 207 52 1796 738 1797 9 6 1173 246 1798 45 1799 1800 459 1801 1802 1110 1803 1804 1805 1806 709 90 476 1807 1118 707
1808 107 55 770 572 1771 242 1773 1774 95 1809 1810 1484 6 14 246 207 1811 940 1353 45 1812 1800 176 47 1813 382 178 1745
52 550 1814 349 1262 874 535 1815 1816 373 1817 1069 1818 1819 1820 1821 1822 1823 1824 1825 1826 68 1827 125 45 90 1828 236 339 73 661 643 1036 1829 1830 1831 1165
1124 1832 1253 1833 665 3 242 239 744 119 1834 1835 1836 125 45 90 1837 643 671 201 1838
1124 1839 1840 1841 535 9 1842 1843 43 1290 1844 1845 125 1228 0 673 529 274 1372 1846 1847 179
1848 1849 1850 55 350 1851 865 1852 1026 1853 6 1854 1855 955 1103 1856 250 644 1857 1117
1028 931 962 9 1858 308 1187 556 12 1859 1860 66 174 1811 406 45 176 0 1861 731 1194 1862
799 1863 481 60 95 12 1864 123 444 1156 176 105 499 1865
1866 1867 107 55 837 1240 365 534 572 1452 1868 373 1869 189 64 1870 724 20 68 167 1871 73 0 731 732 1393 1872 1873
1874 1765 643 6 201 674 1875 1876 1877
52 305 1878 822 849 354 1335 1879 1106 1880 1881 868 1727 35
1882 52 700 9 116 1883 1884 64 1885 1886 1887 19 123 68 1888 90 73 339 1295 0 297 1889
107 1890 557 1891 1892 564 1631 1893 1894 1283 1895 1896 171 1897 1898 537 1899 1900 1901 1902 1903 658 592 1904 593 129 339 1905 1906 1907 1908 607 1909 1910 614 1911 6 247 1912 762 68 1913 1914 1000 1915 1916 301 1917 1918 35 1919 649 1920 1921 1010 1922 1465 1923 1924 1925 1926 1323 90 73 1927
23 1492 24 118 227 481 1928 500 1581 641
500 0 21 904 744 1929 6
895 897 350 770 1930 242 1931 12 373 1932 14 1933 1934 338 68 904 1191 955 129 1935 1079 46 0 1936 1937 1938
1939 24 83 500 1528
9 1940 857 1941 1942 1725 1476 1943 1944 1945 1946 1947 1948
1949 1240 1950 1283 242 578 1951 1340 6 1952 859 444 5 940 377 643 0 1953 35 1954 1955 1956
55 837 481 552 308 667 1957 7 1266 1958 1786 1478 105 1959 1048 1960 1961 1962 1963 1964 1635 1965 1474 1966 373 681 889 1967 1968 1969 339 1970 1971 1972 36 52 1973 1974 1975 246 1976 1977 1978 1979 1980 1981 1350 1028 108 1982 1983 1984 1985 90 1986 1987 1988 1989
1990 1558 83 365 1991 211 1992 964
287 107 348 1993 933 1994 368 437 1995 633 239 211 944 14 1996 1997 1998 44 1999 940 1098 1081 0 672 201 2000 2001 35 1895 929
550 2002 107 535 506 420 2003 211 2004 1622 2005 2006 74 1282 2007 1535 2008 578 101 335 2009 0 2010 179 2011 304 186 980 2012 95 246 45 1153 2013 242 2014 2015 702 123 2016 1505 1115 643 2017 2018 239
2019 2020 0 105 1240 2021 283 1513 2022
1238 1091 2023 350 2024 188 2025 213 2026 310 828 2027 592 2028 0 204 2029 179 2030
1949 2031 2032 2033 2034 211 512 377 1433 2035 2036 2037
133 6 178 2038 35 2039
2040 545 1150 1845 575 593 2041
52 171 550 3 481 2042 1084 1264 1222 6 2043 1543 68 45 249 250 73 777 339 271 731 2044 1018 2029 1194 230 179 35 2045
23 2046 2047 24 123 118 227 12 593
2048 2049 535 551 1898 420 2050 2051 193 1659 951 2052 1551 2053 936 2054 953 6 2055 310 852 2056 2057 559 2058 2059 1191 2060 2061 2062 643 35 958 529 2063 2064 965 2065 2066
186 2067 1682 770 572 535 2068 980 856 2069 1204 2070 2071 6 2072 2073 2074 2075 355 558 2076 2077 125 494 1046 500 2078 73 2079 0 2080 2081 687 2082 410 2083 674 1018 711 2084 2085 206 1496 1862
2086 107 348 350 2087 739 2088 934 116 95 327 2089 2090 373 245 2091 2092 123 1669 2093 2094 792 73 1295 2095 2096 2097 1487 732 1019
2098 9 2099 2100 6 28 1864 45 448 2101
0 2102 373 204 125 64
306 1459 1873 981 2103 2104 2105
52 1949 320 348 1482 2106 420 2107 373 488 262 6 64 828 2108 335 68 751 73 339 0 178 1574
52 631 2109 822 2110 373 2111 2112 2113 2114 2115 73 339 565 298 2116
1124 2117 985 107 108 55 962 481 1771 2118 2119 2120 181 1085 12 2121 945 2122 234 1888 1871 377 1725 643 674 410 2123 303 1770 1469 207
2124 348 2125 2126 2127 9 2128 2129 2130 211 19 444 1098 476 230 567 412
52 2131 251 242 2132 95 181 1290 723 246 2133 1543 1269 1410 267 2134 68 125 45 2135 2136 1296 2137 1959 499 2138 2139
339 643 2140 2141 1160 2142 2143 211 1788 1729
52 550 1334 1965 108 2144 2145 770 533 2146 2147 255 39 2148 1313 2149 6 2150 2151 2152 1985 264 2153 668 2154 19 64 207 68 904 493 2155 2156 918 129 2157 1324 2158 0 2159 298 2160 2161 2162 2001
1730 66 19 2163 2164 2165 2166 2167
108 865 933 399 2168 2169 2170 86 211 5 2171 729 2172 133 239
1550 2173 55 1200 178 12 1788 2174 2175 6 2176 489 2177
2178 481 535 40 2179 2180 2181 668 2182 2183 2184 672 1018 206 1965 2185 2186 12 43 2187 2188 19 2189 2190 339 2191 1905 687 2192 36 52 2193 2194 857 95 6 2195 249 45 2196 2197 2198 1469 2199 2200 2201 2202 702 66 125 2203 90 643 2158 1328 2204 2205 2206
2207 182 97 6 2208 1034 123 2039 2080 2209 950
2210 2211 348 306 481 572 2212 27 6 2213 310 588 559 1835 643 0 178 2214 529 179 2045
1284 739 933 534 2215 2216 2217 373 211 991 489 668 2183 904 167 0 2218 2219 35 239
419 241 2220 1982 437 2221 95 329 2222 6 2223 2224 2092 1162 2225 1206 2226 2227 2228 2229 1857 2230 2231 2232
482 434 194 2233 2234 2235 164 12 2236 2237 828 2238 1402 515 2239 270 90 2240 339 671 1959 204 1461
1028 1655 211 9 2241
52 108 735 865 481 2242 194 744 2243 2244 762 2245 68 1431 2246 2247 2248 2078 2249 2250 1479 281 178 35 2251
2131 2252 1502 137 2253 822 9 980 2254 2255 50 936 211 489 1924 2256 174 1786 2016 1247 2257 2258 2259 729 1586 643 2260 1645 2261 2262 1907 239
308 2263 182 5 125 2264 728 270
2265 1685 9 681 6 2111 1794 2266 442 174 1224 125 1446 2267 0 105 178 711 179 206
2268 2269 2270 2271 2272 1613 2273 2274 2275 2276 211 2277 2278 2279 2280 64 1621 2281 2282 2283 1623 2284 2285 2286 1005 284 1165 1965 2287 2288 2289 1583 2290 373 2291 681 2292 2293 445 2294 2295 339 2296 450 1648 2297 385 1652 601 2298 52 1548 2299 2300 2301 9 95 744 2302 2303 1668 2304 2305 2306 2307 696 1028 240 3 2308 413 2309 96 2310 389 1142 2311 121 2312 2313 73 643 2314 2315
52 348 2316 434 9 2317 2318 373 6 2319 1522 28 207 68 283 2320 2321 2322 2323 564 339 2324 201 2325 281 2326 1165
52 1028 306 1284 2327 2328 9 2329 2330 580 1204 12 211 391 6 2331 2332 1046 90 2333 2334 565 0 1959 2335 2336 1089
648 348 2337 242 2338 2339 14 2340 2341 2342
52 251 2343 506 611 2344 2345 6 2181 2346 267 45 2347 2348 2349
52 2350 171 2351 2352 2145 2353 1438 2354 40 2355 2356 6 68 590 955 129 339 643 0 2357 178 298 2358 35 2359 1574
52 2360 1867 735 739 251 481 1815 2242 744 2361 1244 6 2362 1543 1410 124 68 1133 45 90 2363 271 1194 2148
52 24 55 837 1609 535 2364 1257 40 95 373 1528 1223 2365 2366 68 1478 1321 73 339 2367 2368 2369 1877 2370 2371
287 1732 55 2372 2373 321 2374 1488 194 966 2375 2376 246 745 2377 121 123 2378 45 1354 2379 408 90 2380 2381 201 2382 2383 2384
23 24 2385 1489 118 1349 2386 2387 227 2335 239
1394 2220 2388 9 111 2389 2390 1025 2391 681 64 19 1269 68 658 749 1027 459 73 339 0 2159 1574
2392 2393 55 837 2394 936 68 125 73 1956
107 1863 770 2395 39 543 45 2396 250 2397 0 731 2029 303 1894 207 1877
1422 2398 2399 2400 9 721 194 2401 1289 12 2402 1128 2403 1189 493 2404 2405 2406
698 2407 2408 2409 2410 43 2411 1223 174 2412 2413 1324 2414 2415 2416
107 348 1239 2417 481 89 2418 2419 2420 1153 12 2421 582 6 586 124 1133 45 2422 90 72 0 201 2423 1779 179 2424
2425 2426 60 2427 6 310 264 335 226 227 35
2428 420 2429 2430 120 2431 1269 2432 2285 671 499 2433 431 2434 2435 2436 2437 2438 370 373 310 28 445 2439 0 2440 597 2138 371 2441 2442 1342 2443 2444 45 1228 132 2445 794 696 1393 35 463 349 83 364 2446 182 2447 2448 369 2449 1085 212 2450 2451 30 5 125 1401 2452 729 643 2453 2454 732 477
2112 1116 45 2455 245 2456 2457
107 2458 1262 420 2459 401 2460 2461 557 7 2462 2463 559 2464 777 105 2465 2466 822 742 2467 2468 2469 1906 2470 1383 482 252 2471 95 966 6 1522 2472 2473 201 226 2474 35 350 818 2475 2476 2477 123 871 641 2478 2158 1417 2479 2480
107 349 2481 2482 55 962 1463 481 2483 739 2484 2169 2485 2486 165 2487 2488 702 1853 1062 2489 2490 2112 68 749 2491 1979 1323 1586 2492 529 400 35 2493 2494 810
52 2392 2495 873 481 851 373 1115 339 2496 2497 695 2498 1417 672 2499 2230 1574
2500 2145 350 770 2215 39 2501 2502 2503 291 44 1191 749 2504 1459 955 2505 2506 2262 204 2507
2508 8 837 400 2509 95 373 211 2091 246 2510 125 2511 2512 226 2513 1729
588 297 481 2514 1117 90
2515 2238 857 837 2516 2517 637 9 2518 1725 2519
52 107 108 2520 350 770 2521 2522 2201 373 702 14 2523 2524 2181 68 904 1191 249 46 73 643 2525 1905 339 201 382 1296 529 2138 2526 35
2527 2528 1681 1262 350 2529 2530 2531 481 252 39 969 2532 2487 6 246 2533 2534 2535 2536 2537 2538 2539 125 515 661 1307 226 2540 1347 2541 2542
2543 349 242 420 112 578 1546 310 28 2544 2538 2545 2546 973 0 227 2547 2548 179 35
2549 19 327 1150 2326
2550 1730 105 2551 107 2552 2553 2554 69 481 2555 2556
2557 2558 2559 9 2560 2561 2562 211 1788 178 2563 2564 35
550 2565 883 2566 2567 69 1224 515 2568 1079 2569 2570 2571 2572 1895 2573 580 681 2574 1133 2575 129 2576 178 2577 179 52 2578 2579 482 2580 2581 6 2582 174 2583 283 45 1913 226 35 2584 1732 108 350 2585 267 2586 2587 1505 729 1417
2588 37 3 2589 2590 2591 12 744 6 2592 2593 88 2594 45 129 2568 0 2595 2596 2597 2598 2599 1018 2600 731 1117 2148 2601
1896 2602 1155 815 470 2603 1845 310 64 1073 2604 88 2605 1625 729 339 643 662 204 2606
2607 412 348 481 413 2608 1582 2609 142 2532 582 945 2610 405 1016 2611 495 298 2612
2613 2614 2615 532 55 2616 1809 744 1194 90 2617
1028 662 55 1085 837 566 373 12 2104 2618 246 9 317
52 2619 1949 37 770 2620 2621 1041 2622 43 744 6 2510 748 123 2283 45 270 339 2197 2623 0 201 2624 732 2625 2626 412
2627 349 2529 535 936 702 6 310 2628 19 559 125 45 1940 201 1018 301 2218 56 2045
39 43 44 590 744 2629 2630 6 2631 2632
921 2633 8 770 12 99 244 2634 715 1835 267 1572 2635 2636 1191 249 1278 1725 239
2637 629 698 2638 2639 933 820 209 760 681 6 2412 2640 125 2641 2642 73 643 661 204 2643 179 2644
2645 2646 305 482 1723 2647 2648 2649 211 2412 1132 125 2650 2651 185 105 2652 1729
55 2653 182 1386 400 2654 370 308 373 43 189 211 14 246 64 2655 2656 28 1887 444 5 45 792 90 728 377 1136 0 2657 529
2658 1093 2659 2660 389 2661 64 293 1096 407 1762 730 410 2662 1036 2175 604 239
308 83 182 702 1069 2663
1990 25 9 1257 12 211 2664 7 545 2665 45 36 2666 2094 671 226 2667 1956
2668 316 2215 9 2669 2670 2671 910 1204 12 681 211 2672 64 2673 174 1926 2332 2674 226 947 2675 2676 35 2065 2677
52 2678 55 2679 25 3 481 2680 2420 1060 2681 2682 934 1842 2683 327 1366 1899 374 2684 2685 2686 2687 6 211 2688 2689 2690 1574 590 1205 1135 73 339 105 281 2691 2692 2693 230 2694 2695
73 818 373 959 2696 2697 830
1238 2698 2699 837 2700 43 2701 2702
107 55 740 420 2703 50 2704 64 2004 2705 2706 1278 377 342 674 1058 2707 770 759 2708 2126 2709 2221 2710 43 373 2711 245 2712 2713 590 2714 2715 339 0 2716 2717 179 2718 2719 2720 1853 2721 2362 1223 334 2722 2723 350 2724 2725 413 327 2726 2451 2727 2728 2729 1600 749 1777 73
1513 2730 2731 6 1369 88 1412 749 672 344 2732 1117 1165
2733 1028 734 3 2734 742 1153 1085 1244 2735 2736 749 1103 250 643 204 1198 753 56 2737
348 2395 2738 2739 2740 652 2741 6 2742 18 2743 28 2744 2745 162
2746 21 1578 2747 563 6 355 2748
1301 1022 108 962 350 739 2087 2749 1427 2119 12 1349 2750 233 2751 2752 2753 235 2754 121 2755 123 68 955 729 236 661 0 2756 1631 1633 303 965 2757 1895
2758 1036 136 481 64
1361 2759 107 54 897 2760 2761 2762 2317 368 2763 2764 1618 2376 28 123 2765
1361 2766 837 2767 2768 327 373 2769 2770 2771 616 828 563 170 565 1645 1970 2772
2773 89 2774 2775 934 40 2776 578 211 1213 945 2777 1834 2778 792 2779 2780 1225 133 2576 673 2781 274 2782
2783 2784 2785 2786 2787 1072 67 727 72 0 382 314 179 207 2406
2129 2661 245 6 19 405 1999 1888 90 227 412
2529 190 2788 401 112 2789 580 116 96 6 2790 125 167 46 2791 239
1965 186 25 2792 1257 2793 95 2794 2795 394 525 211 2796 1476 18 2797 174 1269 1467 123 444 1788 2798 2799 476 2800 2801 2802 2803 2804
2805 2806 2807 107 348 193 2808 2809 1187 43 2810 6 1266 247 66 19 2811 2158 1048 2227 1116 1745 1472 2812
35 2813 2814 83 2815 5 182 125 482 211 6 2157
1362 350 2529 2816 2395 2087 2817 39 389 2818 2819 2820 1235 128 529
2821 1069 6 247 2822 2823 707 176 2824 2825 1150 303
1833 665 24 1284 2826 1039 2827 653 389 704 1528 586 2112 2828 124 69 2829 2830 500 200 696 1381 35 162
52 735 2831 2832 2833 2834 2835 242 2836 2837 2532 12 6 19 207 2838 1457 125 45 339 0 731 2365 162
52 348 2839 9 420 95 850 12 262 6 247 335 2092 2840 68 2841 45 73 2842 2843 2844 201 0 339 594 623 1283 207 412 2845
1834 1136 62 344 69 684 75
52 2645 921 3 9 2846 194 633 2847 539 7 2848 2849 123 1352 870 792 946 73 339 2850 298 204 2851 548 179 567
2807 1839 348 350 2852 242 9 781 2853 2854 40 1187 1085 12 245 246 2510 2855 2856 762 2857 724 1825 2858 643 1088 227 2859 179
107 2860 2861 2862 2863 1153 721 2864 633 96 6 542 246 1440 19 1133 493 2865 0 35 529 566 1495 1562 2866 179 646 2867 1729 929
52 550 2048 2806 2868 2869 931 350 2870 739 575 1815 2871 111 43 2872 744 2873 541 2874 2875 64 2876 1835 544 2877 45 1777 2878 2879 643 73 339 662 2880 2029 274 548 35 1895
55 1262 837 2881 2882 2883 2884 211 904 2885 2886 2887 35 2888
2889 55 535 2890 2891 1516 539 7 2892 406 515 792 204 2893 2894 206 2895 2896 2106 572 2897 97 12 2898 2899 2075 2900 339 0 2901 178 2902 2903 1301 2904 1104 9 41 2905 2906 1484 1884 1222 6 246 1885 2907 828 174 235 215 45 1978 2908 2909 2910 133 226 2911 2912 2913 2914 35 2915 2916 2917 1119 2918 2919 2920 2921 2922 2201 472 702 1572 2923 125 727 2924 2925 2926 73 185 1417 2068 476 711 1117 1574
52 931 2252 350 2098 2353 111 2927 2928 2119 373 1522 2929 68 2930 2039 641 1726 73 2101 929
19 1999 2220 2931 245 652
2932 66 2933 2934 2935 981 1871 2936 412
1965 2937 2938 2939 194 2202 373 1853 2940 6 2181 1520 267 123 68 2941 2942 2069 2943
52 1238 2944 629 2945 2946 2947 2948 1535 206 2949 722 2950 12 2951 6 693 2952 2953 2954 125 45 36 339 671 2955 2326 1194 2956 56 207 2957 2030
628 837 2958 142 41 1187 373 246 152 2959 2960 2961 392 2962 2845
550 349 837 1119 535 2963 980 1160 936 12 373 2964 2965 724 45 2966 1393
107 349 771 2967 2968 242 9 2969 12 373 43 1304 1069 1985 2182 2811 1413 125 2970 0 2971 298 1329
2783 1383 2972 107 1930 2973 370 1550 472 2974 2075 2122 2366 123 590 2975 1323 2976 2977 1295 672 2978
2207 305 182 1386 2979 2022 373 744 2980 2981 6 2655 68 959 125 47 1499 950
550 107 9 2982 211 245 6 2983 2112 2984 2985 90 1586 793 1959
1492 123 2986 2987 12 2988 830 635 9 2989
2350 107 2990 136 2991 1994 2992 539 1476 1223 2993 2994 2995 918 2996 2158 0 2997 2998 731 35 950
2698 55 420 368 402 373 1102 2999 211 3000 15 637 1072 64 828 1176 3001 198 68 407 1494 199 2977 339 73 3002 476 298 410 597 1381 3003
3004 2683 1623 89 1505 3005 274 3006 1812 3007 3008 3009 1072 90 18 131
186 837 2987 5 3010 1983 3011 6
3012 3013 481 2300 9 3014 60 40 3015 3016 12 702 582 744 3017 668 3018 959 3019 125 1498 176 73 3020 105 3021
186 3022 2419 535 3023 40 27 6 945 2820 45 3024 3025 3026 1416 75
234 643 1202 3027 204 182
1124 3028 1238 3029 3030 737 3031 3032 242 3033 9 3034 3035 3036 3037 12 1475 3038 3039 6 3040 246 3041 3042 828 3043 3044 152 3045 3046 747 3047 3048 3049 3050 2780 392 133 47 3051 3052 1194 755
52 107 348 1240 1472 3053 3054 1068 1809 99 6 64 68 3055 249 2257 917 1725 3056 73 339 2158 672 1194 3057 35 567
52 3058 837 3059 9 2042 980 887 373 1618 6 215 749 2605 3060 339 1813 2902 384 179 1256 35
37 1041 260 12 211 2769 3061 3062 1128 3063 3064 3065 2657
1028 107 739 242 40 239 2339 6 14 246 1985 247 174 3066 123 561 167 3067 917 90 564 0 3068 3069 1937 3070 35 604 929
630 3071 720 1681 3072 182 420 3073 206 308 614 3074 3075 5 1380 125 833 339 73 671 3076 227 35 1140 1089
52 531 2633 3077 320 770 481 182 3078 535 3079 2400 781 1348 180 12 3080 3081 121 3082 90 2240 751 643 133 671 207
171 3083 2869 108 55 1240 3084 481 3085 759 2328 252 522 420 1127 3086 3087 12 373 1335 1085 614 211 3088 246 68 1530 2877 1871 3089 90 3090 236 339 1296 3091 298 498 3092 179 3093 3094 3095 1165
2619 3096 3 1336 3097 101 310 3098 68 90 73 3099 3100 2335
349 1158 182 933 3101 740 1771 3102 420 781 368 1395 679 614 119 245 6 3103 1341 3104 28 376 121 3105 5 726 444 3106 377 90 3107 3108 0 3109 2454 431 3110 3111 3112 3113 836
3114 3115 1160 2855 1168 833 0 1179 3116 1088 3117 1005
3118 348 55 822 420 3119 580 373 211 1222 245 3120 828 2112 1788 3121 2115 3122 2158 3123 2262 204 2175 1745
52 3124 8 3125 9 1537 1774 680 1550 62 3126 1884 3127 1244 489 668 64 925 3128 6 207 68 3129 125 250 73 339 1296 179 35 2737
482 506 964 3130 934 1258 887 1465 12 1899 1189 123 1443 3131 176 339 0 388 178 499 179 3132 1574
3133 1839 55 962 481 182 251 3134 420 3135 578 95 1995 6 15 1870 724 335 3136 269 3137 1498 125 45 3138 90 1905 0
52 550 55 57 575 1815 2839 3139 1085 2201 540 541 3140 3141 1885 1522 3142 544 123 2953 3143 68 3144 73 1481 339 1861 755
2578 3145 3146 2233 3147 373 3148 2111 1522 3149 3150 3151 1410 3152 1631 35 3153
2637 2895 3154 3155 3156 1982 1637 3157 3158 1395 3159 469 3160 3161 3162 1803 2275 373 1869 2291 3163 3164 3165 3166 64 1555 3167 3168 3169 28 121 3170 3171 3172 68 3173 658 3174 445 3175 870 3176 73 1370 1905 3177 1727 3178 2227 711 2262 1986 3179
3180 3181 382 3182 211 3183 310
107 190 770 933 3184 144 3185 120 1191 45 3186 3187
52 434 3188 3189 395 6 101 3190 68 69 45 339 178 207
52 55 2087 192 193 401 580 194 96 1085 3191 2581 15 3192 1555 195 120 3193 444 3194 955 250 46 1837 339 1703 565 3195 105 476 3196 1631 3197 2000 1495 179 3198 35 810
52 2619 319 83 194 3199 866 3200 1794 246 2855 310 64 3201 3202 1835 748 68 3203 339 35 1088 3204 3205
339 3206 342 178 211 583 3207 3208
3127 6 35 734 3209 1239 3210 1484 3211 242 250
2807 107 3212 1930 934 920 3213 245 3214 3038 246 174 1891 3215 2093 1669 1999 73 3216 35 2167 239
186 2146 3217 420 1550 3218 472 2455 2769 6 64 247 3219 3220 871 2666 1416 3221 2456 73 35 178 179 3222
9 3223 6 3224 342 711 227 1117 3225 501
3226 1404 3227 3228 2212 12 310 3229 3230 3231 1196 3232 3233 3234 792 236 0 3235 3236 3189
3237 482 3238 1365 887 1723 165 3239 3240 211 3241 3242 1926 1788 3243 3244 3245 226 178
1124 1882 52 3246 316 3247 874 535 95 3248 12 637 1004 3249 3250 1530 3251 528 90 3252 236 388 1018 3253 274 303
107 3254 2708 1535 611 41 3255 6 3256 4 45 3257 1871 1624 1206 0 3052 298 529 1116 3258 3259
3260 186 107 2131 1594 55 3078 12 3261 64 19 3262 3263 68 3264 73 671 2047 732 179 3265 36 1956
23 3266 1508 3267 633 373 2025 3268 2244 1786 1224 2829 125 592 3269 643 3270 3271 3272 3273
550 3133 318 2437 3274 420 2169 370 373 211 3275 68 5 125 3276 729 73 643 3277 2080 3278 3279
23 1218 118 1571 1103 3280 6 420 310 131
23 24 3281 3282 3283 118 826 3284 637 3285 787 2825 227 3286
23 1238 24 2252 3287 1242 2024 1516 1475 3288 744 211 6 3289 3290 3291 3292 1825 1411 72 2780 1296 2040 807 314 1198 275 2148 36 3293
1124 3294 3295 2633 171 52 349 55 3296 9 934 1153 3297 3298 1258 41 116 3299 745 19 123 124 1132 69 68 73 339 47 3300 687 3117
10 565 3301 1201 227 1495 3302 3303 35 3304
1834 1842 3305 1846 1929 9 310
3 3306 9 211 1571 2111 68 3307 3308 73 3309 3310 2261 274 179
3311 1201 3312 3313 2222 18 28 3314 127 250 643 1916 2227 204 3315 2029 1895 3316
52 3317 3318 481 182 365 3319 367 420 9 3320 2827 369 1171 2450 1062 64 3321 3322 1558 3323 3324 68 3325 1623 5 1343 3326 3327 728 1323 3328 73 3329 642 662 383 696 450 3330 431 3331 1140
52 550 171 186 1654 108 2109 1682 3332 3333 9 94 62 2254 389 3334 1694 6 3040 1520 3335 152 68 3336 45 1446 90 73 3337 3338 0 3339 297 3340 3341 3342 3343 204 3344 36 412
1028 1839 350 3 2529 738 1147 39 578 2883 3345 12 1335 3346 188 3347 3348 2356 6 3349 19 3350 124 3351 91 3352 2737 0 3353 297 672 410 227 204 179 35 3232 796 239
287 348 350 3354 823 420 308 3355 96 3356 12 614 489 559 904 658 3357 955 3358 3359 3360 1937 35 2383
1558 55 365 3361 9
52 550 3362 108 3363 1240 1722 2013 242 9 12 373 472 119 944 211 637 120 3364 215 1132 68 918 132 73 339 529 499 179 1873
3365 23 2271 1157 1609 3366 367 194 3367 2275 2238 3368 1206 1939 3369 431 3370 3371 436 1348 370 118 43 373 3372 3105 3373 3374 3375 131 2576 0 3376 3377 2369 3378 3379 985 9 3380 980 95 966 3087 6 3381 233 787 2366 174 1471 621 696 35 364 1582 944 3382 1999 2977 3383 3384 477 3385
107 348 108 3386 2839 242 112 1809 802 1484 3387 6 2617 120 387 3388 3389 123 68 249 3390 1103 167 250 564 73 672 794 297 3391 2029 3236 274 3392 2737
1238 171 550 882 2437 883 3393 3394 3395 194 1516 2355 43 2661 6 3214 637 2075 1522 3396 3397 3398 2536 3399 45 3400 3251 90 339 3401 3402 696 3403 3404 412 1895 239
2268 52 1028 108 481 759 3405 3406 9 3407 3408 255 3320 326 95 3409 3410 3411 1335 3412 1244 3413 120 828 3414 545 3415 123 175 69 1151 125 3416 448 339 643 0 3417 3232 77
921 2207 1218 186 3418 182 933 522 242 40 371 144 3419 373 212 944 1034 3420 1344 726 3421 3422 46 3107 1295 3423 227 3424 239
1238 837 533 884 652 2701 144 3425 373 211 1071 6 68 125 73 3426 226 178 3427 1153 3428 398
1897 799 3115 3429 2353 420 26 327 3430 12 3431 1864 3432 1788 71 2079 0 3433 2261 2262 204 179 79
55 3434 3435 373 2025 211 3436 339 47 3437 623 179
186 3438 533 9 12 3439 1410 3440 201 410 3441 179 1153 3442
2733 400 3443 3444 3445 246 1191 125 339 2576 342 178 3446 3447 35 36
55 2419 1983 420 1153 1348 1160 3448 144 2121 211 1870 3449 1133 5 2257 3450 729 3451 3452 674 696 623 1117 1283
52 3453 3454 482 651 3455 1187 559 2112 123 1133 45 249 3456 892 564 339 2576 0 3339 201 1905 731 3117
3457 194 3458 3459 3460 1811
1124 52 23 3461 24 9 3462 43 211 310 18 396 339 398
921 980 342 1160 3463 348 239 2225 969 182 3464 3465 1142
3466 3467 3468 293 3469 199 3470 9
240 3471 651 1488 96 3472 472 489 174 357 339 3473 178 2261 1036 35
52 171 985 107 2437 1463 962 481 857 194 144 99 6 3474 247 2489 68 45 917 2039 73 339 3475 0 201 35 178 731 732 1469 207 1574
3476 23 1833 24 124
339 52 123 3477 3478 3060
3479 3480 89 310 239
52 107 1201 251 182 3481 2419 3482 1773 3483 12 582 1213 1142 124 1132 3484 45 200 643 2576 670 3485 179 1153 3486 2556
23 3487 24 481 3488 2328 3489 3035 3490 194 3491 3492 3493 99 211 3494 3495 3496 3497 405 3498 3499 3500 3501 671 3502 3503 3504 118 12 3082 131 3505 3506 3507 2717 3508 3509 737 3510 3511 3512 3513 3514 6 45 3515 2163 3516 226 696 3517 3518 3519 2384 3520 240 3521 3522 702 3523 3524 945 3525 3526 3527 3528 869 3529 90 3530 3531
1028 3362 316 1651 3532 466 400 9 46
52 3533 2360 3534 108 3535 55 3030 106 3536 535 3537 3538 3539 43 1782 744 3540 3541 18 668 64 3542 3543 3544 3545 1412 1191 3546 68 3547 515 90 236 73 133 2363 0 671 297 794 2358 227 3548 2902 3403 1153 3549 810
550 1949 3550 420 1405 668 64 3551 1788 529 390 305 759 3552 2338 12 373 1335 43 3553 0 178 1036 3554 52 938 3555 39 3556 544 68 45 1800 1780 794 410 810 350 2922 3557 3558 407 125 869 3064 2925 641 3559 81 3560
3561 3562 57 420 3563 308 3564 3565 512 6 2181 1528 310 45 3566 3567 3568 3530 643 3569 3570 529 1018 1917 2626 1005 35 207
308 2544 590 45 2586 3571 35 823
108 182 3572 420 1364 193 211 30 5 45 729 3573 35 239
52 171 3574 9 3575 3576 486 3577 1069 1213 1244 6 334 3578 68 407 3067 1278 73 0 548 3579 707
3004 2783 306 1284 3580 3581 3582 3583 12 3584 6 64 1073 3585 3586 68 125 871 917 3587 73 661 1939 410 2326 239
3588 1185 550 1850 107 1594 55 3589 3590 3591 969 3592 1504 3551 3593 1136 105 400 3594 171 287 572 3595 3596 3597 43 373 0 179 52 2086 3598 3463 62 6 1106 3599 45 249 661 3600 228 35 796 3601 2045 628 108 350 3602 975 2476 3603 3604 3605 945 18 66 267 3606 871 3607 3608 239
535 6 1073 1834 3609 339 1905 3610 498 230 206 3611
339 1843 1160 227 45 211 3612
3613 3614 3535 3615 350 3115 3616 3617 3618 420 2317 1569 41 40 3619 3620 1619 310 3231 3621 3622 977 590 3623 904 955 3624 3625 3626 661 3627 672 3628 3629 410 1149 2624 3630 2671 35 2065
308 226 2337 45 3631
107 348 1791 481 1220 43 389 3632 6 3633 828 247 1412 657 133
1124 3634 52 348 865 137 3635 933 3636 3465 367 9 3463 2683 633 969 953 7 423 2510 2855 264 3637 19 405 3638 45 2723 3515 2039 236 339 35 3639 1813 3640 3641 410 1088 449 597 226 965 1574 929
491 19 207 1863 933 2111 3642
23 55 350 1262 2215 9 420 2615 95 910 211 3643 1834 2477 123 904 444 3644 1225 0 476 410 204 2001 1165
1028 400 2385 2330 1569 1204 12 702 1455 6 715 3645 64 558 125 45 500 854 3646 3647 1959 3648 2045
817 3649 818 182 3650 3651 1613 367 239 1171 373 3652 3653 211 3469 2302 3654 3655 18 2366 3656 3657 1668 3324 3325 830 3658 832 833 3659 170 834 3660 2296 133 342 3661 1647 1589 3662 835 1165
3663 3664 3665 60 194 3666 12 373 2873 2629 3667 6 3668 1821 3669 3670 3671 1572 179 35 304 712
543 308 227 3672 702 1331 547 445 2328 2517 3673 129
3674 3675 816 23 24 118 68 227 1494 211 1480
649 3676 3677 2783 837 9 835 3678 3679 3680 1398 2179 43 211 3681 355 545 3682 1278 2196 514 1532 767 3369 207 3683 2494
1028 985 630 3684 350 1681 3685 9 420 308 681 614 211 2356 3686 1794 355 3687 1492 292 904 3688 176 3689 1801 227 3690 1469 3691 2845
0 19 3692 1454 2036
1238 186 348 24 3693 837 1535 371 373 245 3694 3695 3696 124 3697 1478 1016 3698 3699 3700
1124 3701 94 3702 6 88 3703 3704 125 3705 1018 3706 275
1124 737 3707 481 3708 535 3709 60 373 3710 582 3711 3712 6 15 3439 124 3697 3713 201 3714 3715
52 3716 55 770 771 535 3717 3718 308 373 1910 6 3474 64 196 68 3719 918 46 73 339 297 3720 1331 179 2526
1422 739 3721 2253 481 3722 3723 3724 1071 3725 1106 3726 3727 45 3728 0 672 3729 3730 3731 3732
240 931 2869 2701 116 887 578 43 3733 245 3734 64 68 2977 73 643 339 3735 382 298 499 3736 207
73 921 39 108 748 281 68 3737 204 3738 211
52 1993 759 3739 242 420 94 3740 1550 3741 3742 715 1128 19 1999 590 125 249 493 445 871 2666 3743 564 339 643 35 281 297 178 298 2261 410 226 2262 204 1194 179 3744 3259 3745
985 349 55 2861 739 3746 3747 242 2853 3748 327 12 246 121 198 1467 1133 3749 3750 35
3751 2040 1048 2577 1244 3752 3753
3754 1733 348 1383 3755 2708 3756 3757 3758 800 1348 116 328 1910 195 2959 121 904 1027 167 1103 200 3759 448 178 3760 3761 3762 35
285 734 3763 1850 434 3764 3765 3766 3767 140 936 1809 43 3768 14 1244 246 6 3769 247 335 3770 122 3771 1103 250 643 0 1018 596 1198 1746
256 0 194 3772 3773 56 3774 3775 971 72
921 2436 3776 3777 2400 368 94 578 95 969 12 2815 211 3778 1269 3779 90 3780 642 226 836
628 1238 349 55 837 3781 3782 3425 373 668 3783 28 3784 68 3220 125 879 642 73 339 178 3785 3786 179
1882 3787 3366 1771 3788 1160 27 3789 2959 3790 3791 929 434 2353 1025 43 2592 2900 3792 590 339 3092 3360 2326 3793 274 3794 1022 3795 52 3796 3797 41 2119 95 146 3798 6 68 459 973 696 623 1240 3799 3800 2169 3801 3170 3802 125 2878 642
285 643 762 133 3803 1296 3804 3076 2326 1103 1153 2617
52 2633 938 3805 9 1041 40 95 744 310 64 332 3656 3484 123 124 3806 90 73 3569 339 794 950
3807 174 3011 179 9
3808 3809 3134 367 3223 60 857 12 3810 211 3811 3812 234 2366 0 731 3813 2369
52 2833 3814 823 420 486 12 1570 27 2510 310 828 335 2544 1762 3815 3816 90 0 518 2624 3112
52 3817 9 800 980 3818 211 6 246 3819 101 2900 3820 1669 45 3647 3821 339 1780 794 497 400
349 55 350 3822 107 1721 3823 242 3824 40 60 3825 1366 12 3826 389 702 3827 99 3828 3829 444 3830 125 1278 643 0 105 298 3831 35 207 733 1009
3832 496 3820 1036 293 2881 3833 1625
929 3834 107 933 3835 2789 3836 327 99 3837 211 6 637 247 3439 3838 3839 339 672 1331 239
1825 181 731 3840 45 211 1393 72
1124 3534 1508 482 3841 3842 64 3843 749 3844 339 672 342 178 1036 1937 35
287 55 3845 3846 3847 3848 3849 1220 12 373 6 1572 123 175 45 3850 3674 671 3851 3852 303 2935 3853 3854
1124 1833 665 242 9 3855 40 12 655 262 246 332 64 174 545 124 657 125 2157 73 643 339 0 178 499 179 3856 207 1574
1730 1232 3857 1424 25 533 3755 3858 9 420 3859 611 3860 3861 3862 578 3863 1693 614 3864 3865 3866 6 2661 3867 174 121 3868 1999 3869 1278 1586 427 946 1628 298 51 3870 3871 1679 604
2637 643 3872 3873 99 2029 3874 101 250
921 107 55 350 2373 3875 3876 3877 3777 3878 368 3879 3880 936 3881 19 727 3882 3779 270 1701 731 227 566 3883 3884
1028 350 187 2707 9 39 1012 245 14 264 543 174 1891 123 1586 0 1018 179
2460 3885 3886 3535 3887 770 3888 534 1619 904 2175 6 641 46
453 108 571 817 55 1158 182 3889 3890 3891 369 1171 2275 3892 826 3893 1175 1168 3894 1177 3375 832 833 3895 3780 834 643 1178 381 3896 835
550 107 55 3897 481 3898 3899 3900 721 3901 2275 211 3902 15 3903 2704 3696 3904 1278 3905 1628 297 3052 3906 662 204 3907 1281 1165 1791 183 3908 575 3909 3910 3911 12 373 3912 1133 3913 3914 684 3915 0 2997 3258 179 3916 412 3917 3918 348 3919 3920 3921 3764 3922 3923 142 144 6 3924 3925 1235 3926 45 2779 3117 411 35 1090 2773 1232 628 108 349 3927 137 3928 254 139 651 652 117 3929 389 3930 2661 3686 1142 3931 656 1999 3064 73 643 185 275 2772 3932
3933 348 89 3934 209 3935 3023 2809 40 3936 1516 12 1213 3937 3938 6 3939 1834 3940 1133 69 3941 45 619 3942 3943 0 3944 2577 179 3945 3946 56 3947 1862
52 1730 3948 1733 739 368 115 3949 6 1244 64 407 729 459 339 1481 3803 730 410 1036 2326
1361 107 55 481 194 3950 99 211 557 2751 425 218 3546 3951 1079 377 1633 2359 3246 483 86 3597 3952 12 28 3953 444 728 0 3954 178 779 1301 3955 95 371 3956 6 334 45 622 350 3957 1034 123 642 476 2335 1574
52 3958 3959 2869 3960 55 739 413 206 3961 95 3962 2510 18 3963 3222 125 2413 45 339 643 3641 297 300 3964 3965 1194 35 76 179 3601
2848 3966 245 3967 918 929
73 474 3968 3969 123 2697 3970 179 2300 3971
19 107 2038 3972 125 112
3973 672 1410 123 3974 707
3959 985 24 55 83 739 1160 3975 1204 3828 558 1467 3976 3977 0 597 2564
3476 3978 1990 3979 2665 3425 3974 3980 3981
1124 1874 1949 481 3982 9 3983 2273 373 3984 212 6 1794 64 247 1269 396 68 176 73 0 672 178 179 35 3985 712 398
1422 186 107 2038 482 3986 3987 3988 887 3989 6 1128 3990 236 3991 672 226 3992 204 3993 274
1124 3994 1993 481 1842 146 12 588 3995 3996 3997 45 493 643 0 671 410 3998 204 274 230 3999
4000 4001 770 535 4002 9 4003 4004 4005 4006 744 4007 2182 559 311 125 4008 4009 4010 1324 105 1358 412 162
24 4011 969 373 3970 1222 543 4012 919 1194
52 287 4013 8 4014 4015 4016 89 1815 4017 242 4018 206 980 1454 4019 1222 14 4020 2036 4021 2771 1729 88 293 68 4022 125 250 729 176 4023 73 4024 35 4025 339 4026 2029 1283 1496 4027 4028 3316
305 186 1474 1863 837 2316 1061 9 420 4029 86 3680 12 681 614 1059 4030 6 64 121 545 4031 4032 4033 4034 794 1036 227 3092 1603 1299 4035
95 4036 182 744 885
1124 606 55 1239 350 975 2554 4037 4038 139 2789 39 1858 116 4039 943 4040 2581 14 6 3120 4041 4042 559 405 955 3674 565 2158 4043 4044 410 529 1116 4045 207 625
1361 628 186 108 4046 8 55 4047 2749 848 353 1061 9 420 194 371 95 4048 4049 1025 12 211 64 2283 4050 870 905 219 729 4051 90 515 4033 339 643 4052 0 342 2068 430 919 4053 384 179 4054
550 6 298 4055 4056 4057 2388 593 1323
4058 628 4059 43 4060 4061
107 8 535 4062 116 1455 4063 4064 3642 4065 4066 4067 46 1058 4068 770 4069 4070 4071 580 582 4072 904 4073 4074 4075 2192 207 52 4076 3535 482 4077 4078 980 966 744 6 247 4079 4080 4081 4082 300 35 108 182 534 4083 193 4029 4084 635 4085 4086 4087 123 4088 239
52 698 108 4089 1239 1240 55 770 420 4090 2683 12 373 1923 14 1128 3230 64 2075 174 3802 21 123 68 4091 249 73 339 4092 201 297 35 1574 1089
4093 4094 55 1771 420 721 557 64 529 2029 4095 206 171 1839 770 434 934 4096 2338 2120 4097 245 588 2987 590 444 200 250 0 4098 178 449 1036 1381 179 2470 2242 980 856 744 244 4099 693 4100 4101 68 2093 4102 35 649 349 4103 4104 1245 66 1824 123 4105 1354 125 476 4106 1574 950
2637 2895 481 2272 4107 3159 4108 4109 4110 4111 194 385 1025 2291 3163 4112 4113 1621 4114 4115 4116 2294 2305 459 3176 4117 4118 4119 3177 4120 2227 4121 4122 431 1986 160 463 4123 1165
4124 4125 959 4126 4127 4128 4129 4130
4131 1028 107 108 4132 3115 1262 3535 3961 194 4133 116 1085 245 762 4134 4135 4136 46 133 1905 201 2756 2261 35
1124 306 192 96 212 761 871 4137 643 1005
52 24 770 182 4110 1084 194 12 4138 64 1341 4139 68 2452 73 4140 2717 2772 1434
349 55 1386 9 3859 470 194 371 12 373 4141 4142 4143 18 543 66 1999 90 1701 0 595 4144 1779 4145
4146 1124 4147 883 2419 1153 12 6 1860 247 19 405 68 1530 4148 4149 1079 643 4150 0 2997 4151 35
348 4152 3354 481 535 4153 193 3753 1056 936 12 1810 472 1853 246 64 1522 4154 68 1191 407 249 1103 127 128 73 2879 730 410 1036 2029 179
2645 107 482 4155 4017 193 1659 4156 4157 4158 4159 19 4160 3055 3024 270 643 4161 204 1194 35
933 4162 193 194 1160 327 12 211 245 3439 19 199 1278 4163 1586 3991 4164 298 3369 412
52 2350 107 348 108 350 739 2839 4017 3777 111 2921 578 62 12 119 245 6 64 1522 3043 559 198 4165 68 4166 90 73 339 810 2040 1018 501
1238 107 193 39 4167 3290 246 4168 1410 207 123 4169 125 4170 493 45 4171
3701 4172 89 1160 6 3643 69 2576 274
69 45 4173 2956 3290
482 4174 308 211 6 4175 2855 1072 19 68 125 1625 1800 1956 339 643 0 342 105 3629 1088 529 767 498 204 4176 2406 398
550 420 310 1543 4177 4178 671 3627 1089
142 47 105 3701 4179 99 744 971 45 3914 4180 4181
1422 717 718 108 4182 739 535 3722 242 2353 420 2590 3392 1289 181 1085 12 373 936 2847 1335 6 246 4183 828 545 45 36 4184 643 133 1417 2137 1328 449 4185 2600 4186 1299 1534 2045
1802 367 4187 4188 472 211 1059 4189 586 1762 791 4190 642 4191 4192
4193 4194 4195 107 348 4196 4197 316 1526 3274 1513 3723 4198 194 4199 581 3912 245 1621 4200 220 4201 105 1780 1358 1390 4202 4203
4204 4205 60 4206 1410 4207 123 125 4208 4209 4210 105 499 4211 34 2370
1334 2145 2087 9 328 557 3017 1985 4212 792 73 179
1124 171 4213 4214 4215 4216 55 1262 607 2417 4217 3429 651 420 1127 4218 486 1290 2487 744 211 1069 6 120 2075 3924 3656 3657 1191 45 4219 684 4220 493 357 494 73 339 4221 661 226 4222 2082 4223 598 1052 2626 1005 4224
921 171 186 837 4225 9 4226 3753 39 1584 188 2721 334 544 68 959 4227 4228 1800 176 4229 643 0 4230 178 227 2029 548 275 35
4231 933 420 4232 953 4233 6 1128 310 670 4234 1198
2140 108 1863 2547 4235 4126
2576 4236 1526 12 69 3236 4237 3752
4238 1284 4239 139 1503 4240 245 2376 559 69 0 4241 2662 1960 274 4242 35
837 1153 4243 354 4244 2905 4245 4246 4247 6 1133 69 4248 1481 4249 2571 35 842
1569 4250 96 3739 4251 4252 4253 35 4254
550 2529 242 95 4255 4256 123 749 4257 227 4258
52 171 572 2509 40 4259 12 4260 4261 744 211 4262 1269 4263 4264 339 223
550 4265 350 770 4266 434 4267 242 368 580 3680 96 1584 211 4268 28 2016 44 4269 129 2505 90 377 1055 297 794 4270 501
1124 2392 4271 55 1240 933 4272 209 1771 420 4273 4274 43 4275 211 213 246 4276 2225 657 1505 4277 4278 4279 274 3286 1165
73 2748 472 1381 211 1283 9 4280
339 4281 1160 4282 211 823
550 53 107 348 4283 535 4284 437 4285 245 6 655 247 2900 4286 88 4287 90 643 4288 794 696 274 3783 2556
1056 116 1160 1288 2355 2815 99 6 3230 1585 4289 500 2976 339 643 223 178 449 300 3964 303 400
1730 107 4290 837 3013 535 1582 50 1222 245 4142 945 4291 1585 4292 45 2976 1206 1471 73 643 4293 51 1534
52 1732 1949 107 4294 4295 482 242 373 4296 614 211 6 1933 246 247 4297 4298 1999 904 218 1184 4299 339 226 662 227 2599 134 223 604
2900 3467 160 399 2353
1862 52 287 4231 1218 171 107 8 770 1104 9 4300 4301 1809 99 1484 6 14 68 45 917 1725 46 73 339 201 1194 35 1729
3607 4302 40 4303 4304 4305 245 1530 4306 3088 6
52 171 813 108 770 9 815 1348 60 4307 12 814 1528 4308 355 1004 3044 4309 123 68 3082 90 4310 176 643 2158 0 529 1434 179
818 4071 9 4311 211 4312 101 19 3874 4313 2115 131 3821 339 3607 1063 204 1591 4314
1383 55 4315 837 1578 3274 434 575 242 9 94 2792 41 95 371 4316 62 144 96 373 2275 4317 211 1222 245 6 15 64 334 3873 174 3170 405 4 4318 45 2239 1089 1586 1726 2478 1916 51 1461 810
4319 171 1508 2337 4320 481 4070 26 4321 4322 2111 762 828 123 88 4323 1380 2829 4324 4325 73 643 2081 4326 4327
171 349 55 1240 578 1160 373 211 4328 3170 493 4329 498 948
1238 1338 1240 1513 3511 888 1516 2233 4330 12 43 373 4331 1069 6 4332 4333 91 4334 3338 0 731 3441 3427 274
4093 287 550 797 108 2337 55 4335 182 1564 4336 4337 60 194 308 2476 373 4331 211 4338 15 6 310 1343 683 1498 4339 671 0 711 732 974 3112 1393 4340 179 4341 3932 1956
4342 651 4343 43 310 265 4344 4345 1729 1360
